70 5
100027515
300000001 955
300000003 1888
300000002 934
300000005 2312
300000004 2584
100027517
300000001 892
300000003 1825
300000002 889
300000005 2267
300000004 2521
100027511
300000001 925
300000003 1858
300000002 904
300000005 2282
300000004 2554
100027530
300000001 820
300000003 1843
300000002 925
300000005 2303
300000004 2539
100027532
300000001 757
300000003 1906
300000002 988
300000005 2366
300000004 2602
100027518
300000001 1144
300000003 1519
300000002 805
300000005 2183
300000004 2215
100026514
300000001 1609
300000003 1150
300000002 1240
300000005 2144
300000004 1702
100026512
300000001 1672
300000003 1195
300000002 1303
300000005 2081
300000004 1639
100026510
300000001 1747
300000003 1120
300000002 1378
300000005 2006
300000004 1564
100026508
300000001 1861
300000003 1006
300000002 1492
300000005 1892
300000004 1450
100026506
300000001 1924
300000003 943
300000002 1555
300000005 1829
300000004 1387
100026504
300000001 1987
300000003 880
300000002 1618
300000005 1766
300000004 1324
100026502
300000001 2050
300000003 817
300000002 1681
300000005 1703
300000004 1261
100026515
300000001 1588
300000003 1129
300000002 1219
300000005 2207
300000004 1765
100026513
300000001 1693
300000003 1216
300000002 1324
300000005 2102
300000004 1660
100026511
300000001 1768
300000003 1141
300000002 1399
300000005 2027
300000004 1585
100026509
300000001 1882
300000003 1027
300000002 1513
300000005 1913
300000004 1471
100026507
300000001 1945
300000003 964
300000002 1576
300000005 1850
300000004 1408
100026505
300000001 2008
300000003 901
300000002 1639
300000005 1787
300000004 1345
100025533
300000001 2341
300000003 958
300000002 1972
300000005 1448
300000004 1006
100027419
300000001 744
300000003 1677
300000002 723
300000005 2101
300000004 2373
100027422
300000001 630
300000003 1737
300000002 819
300000005 2197
300000004 2433
100027425
300000001 591
300000003 1812
300000002 894
300000005 2272
300000004 2508
100026421
300000001 1452
300000003 993
300000002 1083
300000005 2089
300000004 1647
100026419
300000001 1473
300000003 1014
300000002 1104
300000005 2026
300000004 1584
100025433
300000001 2148
300000003 765
300000002 1779
300000005 1345
300000004 903
100027321
300000001 596
300000003 1529
300000002 575
300000005 1953
300000004 2225
100027323
300000001 521
300000003 1586
300000002 668
300000005 2046
300000004 2282
100027332
300000001 536
300000003 1535
300000002 617
300000005 1995
300000004 2231
100027334
300000001 482
300000003 1589
300000002 671
300000005 2049
300000004 2285
100027336
300000001 440
300000003 1631
300000002 713
300000005 2091
300000004 2327
100027316
300000001 878
300000003 1193
300000002 539
300000005 1917
300000004 1889
100026315
300000001 1283
300000003 824
300000002 914
300000005 1920
300000004 1478
100026311
300000001 1472
300000003 845
300000002 1103
300000005 1731
300000004 1289
100026318
300000001 1547
300000003 794
300000002 1178
300000005 1680
300000004 1238
100026307
300000001 1670
300000003 647
300000002 1301
300000005 1533
300000004 1091
100026305
300000001 1733
300000003 584
300000002 1364
300000005 1470
300000004 1028
100026314
300000001 1346
300000003 887
300000002 977
300000005 1815
300000004 1373
100026312
300000001 1451
300000003 824
300000002 1082
300000005 1710
300000004 1268
100026310
300000001 1577
300000003 698
300000002 1208
300000005 1584
300000004 1142
100026308
300000001 1661
300000003 614
300000002 1292
300000005 1500
300000004 1058
100025315
300000001 2198
300000003 815
300000002 1829
300000005 999
300000004 557
100025309
300000001 2297
300000003 914
300000002 1928
300000005 900
300000004 458
100025314
300000001 2180
300000003 797
300000002 1811
300000005 981
300000004 539
100027240
300000001 397
300000003 1378
300000002 460
300000005 1838
300000004 2074
100027218
300000001 709
300000003 1066
300000002 370
300000005 1748
300000004 1762
100026223
300000001 1156
300000003 697
300000002 787
300000005 1793
300000004 1351
100026217
300000001 1333
300000003 688
300000002 964
300000005 1574
300000004 1132
100026211
300000001 1522
300000003 499
300000002 1153
300000005 1385
300000004 943
100025217
300000001 2008
300000003 625
300000002 1639
300000005 893
300000004 451
100027119
300000001 228
300000003 1227
300000002 231
300000005 1615
300000004 1923
100027118
300000001 186
300000003 1233
300000002 237
300000005 1621
300000004 1929
100027117
300000001 480
300000003 975
300000002 111
300000005 1363
300000004 1671
100027113
300000001 546
300000003 909
300000002 177
300000005 1297
300000004 1605
100027111
300000001 612
300000003 843
300000002 243
300000005 1231
300000004 1539
100027109
300000001 678
300000003 777
300000002 309
300000005 1165
300000004 1473
100027107
300000001 723
300000003 732
300000002 354
300000005 1120
300000004 1428
100027105
300000001 768
300000003 687
300000002 399
300000005 1075
300000004 1383
100027144
300000001 450
300000003 969
300000002 81
300000005 1357
300000004 1665
100027114
300000001 489
300000003 930
300000002 120
300000005 1318
300000004 1626
100027112
300000001 627
300000003 792
300000002 258
300000005 1180
300000004 1488
100027108
300000001 693
300000003 726
300000002 324
300000005 1114
300000004 1422
100027104
300000001 750
300000003 669
300000002 381
300000005 1057
300000004 1365
100026149
300000001 984
300000003 477
300000002 615
300000005 865
300000004 1173
100026119
300000001 1023
300000003 438
300000002 654
300000005 826
300000004 1134
100026117
300000001 1074
300000003 387
300000002 705
300000005 775
300000004 1083
100026110
300000001 1074
300000003 345
300000002 705
300000005 733
300000004 1041
100026108
300000001 1149
300000003 270
300000002 780
300000005 658
300000004 966
100026106
300000001 1290
300000003 129
300000002 921
300000005 517
300000004 825
100025113
300000001 2085
300000003 702
300000002 1716
300000005 838
300000004 66
