20 5
100027119
300000002 231
300000001 228
300000003 1227
300000004 1923
300000005 1461
100027117
300000002 111
300000001 480
300000003 975
300000004 1671
300000005 1209
100027113
300000002 177
300000001 546
300000003 909
300000004 1605
300000005 1143
100027111
300000002 243
300000001 612
300000003 843
300000004 1539
300000005 1077
100027109
300000002 309
300000001 678
300000003 777
300000004 1473
300000005 1011
100027107
300000002 354
300000001 723
300000003 732
300000004 1428
300000005 966
100027105
300000002 399
300000001 768
300000003 687
300000004 1383
300000005 921
100027144
300000002 81
300000001 450
300000003 969
300000004 1665
300000005 1203
100027114
300000002 120
300000001 489
300000003 930
300000004 1626
300000005 1164
100027112
300000002 258
300000001 627
300000003 792
300000004 1488
300000005 1026
100027108
300000002 324
300000001 693
300000003 726
300000004 1422
300000005 960
100027104
300000002 381
300000001 750
300000003 669
300000004 1365
300000005 903
100026149
300000002 615
300000001 984
300000003 477
300000004 1173
300000005 711
100027118
300000002 237
300000001 186
300000003 1233
300000004 1929
300000005 1467
100026119
300000002 654
300000001 1023
300000003 438
300000004 1134
300000005 672
100026117
300000002 705
300000001 1074
300000003 387
300000004 1083
300000005 621
100026110
300000002 705
300000001 1074
300000003 345
300000004 1041
300000005 579
100026108
300000002 780
300000001 1149
300000003 270
300000004 966
300000005 504
100026106
300000002 921
300000001 1290
300000003 129
300000004 825
300000005 363
100025113
300000002 1716
300000001 2085
300000003 702
300000004 66
300000005 462
