69 5
100027119
200100002 683
200100003 2465
200100001 568
200100005 5404
200100004 3879
100027117
200100002 283
200100003 1625
200100001 1348
200100005 4564
200100004 3039
100027113
200100002 503
200100003 1405
200100001 1568
200100005 4344
200100004 2819
100027111
200100002 723
200100003 1185
200100001 1788
200100005 4124
200100004 2599
100027109
200100002 943
200100003 965
200100001 2008
200100005 3904
200100004 2379
100027107
200100002 1093
200100003 815
200100001 2158
200100005 3754
200100004 2229
100027105
200100002 1243
200100003 665
200100001 2308
200100005 3604
200100004 2079
100027144
200100002 285
200100003 1623
200100001 1266
200100005 4562
200100004 3037
100027114
200100002 415
200100003 1493
200100001 1396
200100005 4432
200100004 2907
100027112
200100002 875
200100003 1033
200100001 1856
200100005 3972
200100004 2447
100027108
200100002 1095
200100003 813
200100001 2076
200100005 3752
200100004 2227
100027104
200100002 1285
200100003 623
200100001 2266
200100005 3562
200100004 2037
100026149
200100002 2041
200100003 167
200100001 3022
200100005 2952
200100004 1427
100027118
200100002 775
200100003 2473
200100001 422
200100005 5412
200100004 3887
100026119
200100002 2132
200100003 258
200100001 3113
200100005 2861
200100004 1336
100026117
200100002 2251
200100003 377
200100001 3232
200100005 2742
200100004 1217
100026110
200100002 2230
200100003 356
200100001 3211
200100005 2623
200100004 1098
100026108
200100002 2405
200100003 531
200100001 3386
200100005 2448
200100004 923
100026106
200100002 2734
200100003 860
200100001 3715
200100005 2119
200100004 594
100025113
200100002 5126
200100003 3252
200100001 6107
200100005 405
200100004 1838
100027218
200100002 475
200100003 1433
200100001 1456
200100005 4372
200100004 2847
100026223
200100002 1985
200100003 209
200100001 2966
200100005 3008
200100004 1483
100027240
200100002 754
200100003 2452
200100001 443
200100005 5391
200100004 3866
100026217
200100002 2496
200100003 622
200100001 3477
200100005 2497
200100004 972
100026211
200100002 2937
200100003 1063
200100001 3918
200100005 2056
200100004 531
100025217
200100002 4356
200100003 2482
200100001 5337
200100005 575
200100004 1068
100027321
200100002 683
200100003 2465
200100001 568
200100005 5404
200100004 3879
100027316
200100002 545
200100003 1363
200100001 1526
200100005 4302
200100004 2777
100026315
200100002 2034
200100003 160
200100001 3015
200100005 2959
200100004 1434
100027332
200100002 775
200100003 2473
200100001 422
200100005 5412
200100004 3887
100027323
200100002 912
200100003 2610
200100001 405
200100005 5549
200100004 4024
100027334
200100002 901
200100003 2599
200100001 296
200100005 5538
200100004 4013
100026314
200100002 2160
200100003 286
200100001 3141
200100005 2693
200100004 1168
100027336
200100002 999
200100003 2697
200100001 198
200100005 5636
200100004 4111
100026312
200100002 2405
200100003 531
200100001 3386
200100005 2448
200100004 923
100026311
200100002 2475
200100003 601
200100001 3456
200100005 2518
200100004 993
100026318
200100002 2662
200100003 788
200100001 3643
200100005 2411
200100004 886
100026310
200100002 2699
200100003 825
200100001 3680
200100005 2154
200100004 629
100026307
200100002 2937
200100003 1063
200100001 3918
200100005 2056
200100004 531
100026308
200100002 2895
200100003 1021
200100001 3876
200100005 1958
200100004 433
100026305
200100002 3084
200100003 1210
200100001 4065
200100005 1909
200100004 384
100025314
200100002 4454
200100003 2580
200100001 5435
200100005 393
200100004 1166
100025309
200100002 4826
200100003 2952
200100001 5807
200100005 105
200100004 1538
100025315
200100002 4496
200100003 2622
200100001 5477
200100005 435
200100004 1208
100027419
200100002 683
200100003 2465
200100001 568
200100005 5404
200100004 3879
100026421
200100002 1985
200100003 209
200100001 2966
200100005 3008
200100004 1483
100026419
200100002 2132
200100003 258
200100001 3113
200100005 2861
200100004 1336
100027422
200100002 901
200100003 2599
200100001 296
200100005 5538
200100004 4013
100027425
200100002 1094
200100003 2792
200100001 223
200100005 5731
200100004 4206
100025433
200100002 3836
200100003 1962
200100001 4817
200100005 1095
200100004 548
100027515
200100002 842
200100003 2624
200100001 727
200100005 5563
200100004 4038
100027511
200100002 754
200100003 2536
200100001 639
200100005 5475
200100004 3950
100027517
200100002 737
200100003 2477
200100001 580
200100005 5416
200100004 3891
100026515
200100002 2055
200100003 181
200100001 3036
200100005 2938
200100004 1413
100027530
200100002 803
200100003 2501
200100001 394
200100005 5440
200100004 3915
100026514
200100002 2083
200100003 209
200100001 3064
200100005 2770
200100004 1245
100027532
200100002 950
200100003 2648
200100001 247
200100005 5587
200100004 4062
100026512
200100002 2230
200100003 356
200100001 3211
200100005 2623
200100004 1098
100026513
200100002 2300
200100003 426
200100001 3281
200100005 2693
200100004 1168
100026510
200100002 2405
200100003 531
200100001 3386
200100005 2448
200100004 923
100026511
200100002 2475
200100003 601
200100001 3456
200100005 2518
200100004 993
100026508
200100002 2671
200100003 797
200100001 3652
200100005 2182
200100004 657
100026509
200100002 2741
200100003 867
200100001 3722
200100005 2252
200100004 727
100026506
200100002 2818
200100003 944
200100001 3799
200100005 2035
200100004 510
100026507
200100002 2888
200100003 1014
200100001 3869
200100005 2105
200100004 580
100026504
200100002 2965
200100003 1091
200100001 3946
200100005 1888
200100004 363
100026505
200100002 3035
200100003 1161
200100001 4016
200100005 1958
200100004 433
100026502
200100002 3112
200100003 1238
200100001 4093
200100005 1741
200100004 216
100025533
200100002 3986
200100003 2112
200100001 4967
200100005 945
200100004 698
