27511 1 246.99
27518 2 258.90999999999997
26110 3 180.35
26108 3 172.85
27517 1 243.69
26106 3 158.75
27515 1 249.99
27111 2 202.71
27108 2 210.81
27109 2 209.31
25314 4 207.28
25315 4 209.07999999999998
26211 3 195.75
27107 2 213.81
27104 3 212.75
27105 3 214.55
27118 1 173.09
26223 3 215.55
27119 1 177.29000000000002
27117 2 189.51
27114 2 190.41
27240 1 194.19
27112 2 204.21
26217 3 214.64999999999998
27113 2 196.10999999999999
27218 2 215.41
25309 4 199.18
25433 3 222.35
27334 1 202.69
26310 3 215.64999999999998
26311 3 230.35
27332 1 208.09
26308 3 207.25
26307 3 210.55
26305 3 204.25
26318 3 225.25
26314 3 234.55
26315 3 228.25
27336 1 198.49
26312 3 228.25
27316 2 232.31
26421 3 245.15
26419 3 247.25
25533 3 241.65
27323 1 206.59
27321 1 214.09
26149 3 193.55
27425 1 213.59
26514 3 260.85
26515 3 258.75
26512 3 265.35
26513 3 267.45
27422 1 217.49
27419 1 228.89000000000001
25113 4 159.98
26502 3 227.55
26119 3 189.65
26117 3 184.55
25217 4 198.48
26510 3 257.85
26511 3 259.95
27532 1 230.19
26508 3 246.45
26509 3 248.55
27530 1 236.49
26506 3 240.15
26507 3 242.25
26504 3 233.85
27144 2 186.51
26505 3 235.95
