100027511 1 247.87
100027518 2 261.0
100026110 3 229.8
100026108 3 222.3
100027517 1 244.57
100026106 3 208.20000000000002
100027515 1 250.87
100027111 2 204.8
100027108 2 212.9
100027109 2 211.4
100025314 4 201.35
100025315 4 203.14999999999998
100026211 4 241.75
100027107 2 215.9
100027104 2 218.6
100027105 2 220.4
100027118 1 173.97
100026223 2 259.2
100027119 1 178.17000000000002
100027117 2 191.6
100027114 2 192.5
100027240 1 195.07
100027112 2 206.3
100026217 4 260.65
100027113 2 198.2
100027218 2 217.5
100025309 4 193.25
100025433 4 237.75
100027334 1 203.57
100026310 4 261.65
100026311 4 276.35
100027332 1 208.97
100026308 4 253.25
100026307 4 256.55
100026305 4 250.25
100026318 4 271.25
100026314 2 278.2
100026315 2 271.9
100027336 1 199.37
100026312 4 274.25
100027316 2 234.4
100026421 2 288.8
100026419 2 290.9
100025533 4 248.05
100027323 1 207.47
100027321 1 214.97
100026149 2 242.0
100027425 1 214.47
100026514 2 304.5
100026515 2 302.4
100026512 2 310.8
100026513 2 312.9
100027422 1 218.37
100027419 1 229.77
100025113 4 154.04999999999998
100026502 4 273.55
100026119 3 239.10000000000002
100026117 3 234.0
100025217 4 192.54999999999998
100026510 4 303.85
100026511 4 305.95
100027532 1 231.07
100026508 4 292.45
100026509 4 294.54999999999995
100027530 1 237.37
100026506 4 286.15
100026507 4 288.25
100026504 4 279.85
100027144 2 188.6
100026505 4 281.95
