27511 1 247.87
27518 2 261.0
26110 3 229.8
26108 3 222.3
27517 1 244.57
26106 3 208.20000000000002
27515 1 250.87
27111 2 204.8
27108 2 212.9
27109 2 211.4
25314 4 201.35
25315 4 203.14999999999998
26211 4 241.75
27107 2 215.9
27104 2 218.6
27105 2 220.4
27118 1 173.97
26223 2 259.2
27119 1 178.17000000000002
27117 2 191.6
27114 2 192.5
27240 1 195.07
27112 2 206.3
26217 4 260.65
27113 2 198.2
27218 2 217.5
25309 4 193.25
25433 4 237.75
27334 1 203.57
26310 4 261.65
26311 4 276.35
27332 1 208.97
26308 4 253.25
26307 4 256.55
26305 4 250.25
26318 4 271.25
26314 2 278.2
26315 2 271.9
27336 1 199.37
26312 4 274.25
27316 2 234.4
26421 2 288.8
26419 2 290.9
25533 4 248.05
27323 1 207.47
27321 1 214.97
26149 2 242.0
27425 1 214.47
26514 2 304.5
26515 2 302.4
26512 2 310.8
26513 2 312.9
27422 1 218.37
27419 1 229.77
25113 4 154.04999999999998
26502 4 273.55
26119 3 239.10000000000002
26117 3 234.0
25217 4 192.54999999999998
26510 4 303.85
26511 4 305.95
27532 1 231.07
26508 4 292.45
26509 4 294.54999999999995
27530 1 237.37
26506 4 286.15
26507 4 288.25
26504 4 279.85
27144 2 188.6
26505 4 281.95
